95
342315
389568
1022267
930917
117658
406619
101617
67377
566629
158727
321922
756627
357169
109136
445468
190176
808757
553476
321251
831009
183967
152387
6571
1284971
568629
584387
187237
196029
775179
85832
48288
21903189
48003
392640
643387
321009
18913
918587
83960
109239
136457
102278
21895599
261665
189289
396456
175301
134600
6064358
93301
161317
115657
473594
660943
412124
104859
488087
140487
110327
251930
145280
338580
125726
24480369
297467
1015348
96401
38692
362689
258010
241591
558185
49573
112014
124362
89678
94142
67712
456845
83654
953971
93458
567305
60990
396456
124130
336487
86733
734974
109718
378027
293822
1401928
1074766
23313

